----------------
ORBITAL ENERGIES(Cyklopentadien) 
----------------

  NO   OCC          E(Eh)            E(eV) 
   0   2.0000     -10.190220      -277.2900 
   1   2.0000     -10.179718      -277.0042 
   2   2.0000     -10.179626      -277.0017 
   3   2.0000     -10.178623      -276.9744 
   4   2.0000     -10.178613      -276.9741 
   5   2.0000      -0.843731       -22.9591 
   6   2.0000      -0.691121       -18.8064 
   7   2.0000      -0.690851       -18.7990 
   8   2.0000      -0.541031       -14.7222 
   9   2.0000      -0.519994       -14.1497 
  10   2.0000      -0.506858       -13.7923 
  11   2.0000      -0.430714       -11.7203 
  12   2.0000      -0.393613       -10.7108 
  13   2.0000      -0.372321       -10.1314 
  14   2.0000      -0.356915        -9.7121 
  15   2.0000      -0.356696        -9.7062 
  16   2.0000      -0.297860        -8.1052 
  17   2.0000      -0.217793        -5.9265 
  18   0.0000      -0.018431        -0.5015

----------------
ORBITAL ENERGIES(anion cyklopentadienylowy)
----------------

  NO   OCC          E(Eh)            E(eV) 
   0   2.0000      -9.939032      -270.4548 
   1   2.0000      -9.938850      -270.4499 
   2   2.0000      -9.938843      -270.4497 
   3   2.0000      -9.938549      -270.4417 
   4   2.0000      -9.938543      -270.4415 
   5   2.0000      -0.601985       -16.3808 
   6   2.0000      -0.445485       -12.1223 
   7   2.0000      -0.445465       -12.1217 
   8   2.0000      -0.297472        -8.0946 
   9   2.0000      -0.297457        -8.0942 
  10   2.0000      -0.284232        -7.7343 
  11   2.0000      -0.153494        -4.1768 
  12   2.0000      -0.153485        -4.1765 
  13   2.0000      -0.135469        -3.6863 
  14   2.0000      -0.135466        -3.6862 
  15   2.0000      -0.120983        -3.2921 
  16   2.0000       0.029411         0.8003 
  17   2.0000       0.029434         0.8010 
  18   0.0000       0.253796         6.9061 


Dla cyklopentadienu: LUMO-HOMO = -0.5015eV -(-5.9265eV) = 5.4250eV
Dla anionu cyklopentadienylowego: LUMO-HOMO = 6.9061eV - 0.8010eV = 6,1051eV -> różnica jest większa -> 
anion jest prawdopodobnie bardziej stabilny od cyklopentadienu
